Quantity (Tonn),Carbon_content (%),Volatile_Matter (%),Ash_Content (%),Moisture_content (%),Sulphur_content (%)
38.08,51.4,27.85,11.96,8.79,1.74
95.12,55.21,19.37,12.68,12.74,1.56
73.47,29.66,31.17,28.61,10.56,0.88
60.27,57.74,26.98,11.57,3.71,2.77
16.45,58.29,21.74,15.37,4.6,2.2
16.44,37.77,32.82,24.56,4.85,3.91
6.75,52.02,24.79,17.03,6.16,0.24
86.75,42.72,18.27,31.0,8.01,2.93
60.51,53.47,28.99,6.86,10.68,3.46
71.1,42.09,27.92,26.32,3.67,3.44
3.04,58.6,33.05,5.93,2.42,4.0
97.02,48.88,36.17,7.36,7.59,3.31
83.41,39.29,28.2,24.2,8.31,4.18
22.02,48.4,34.04,11.77,5.79,1.56
19.0,48.61,23.05,18.98,9.36,2.31
19.16,50.88,28.85,15.47,4.8,0.16
31.12,49.78,19.29,16.48,14.45,0.13
52.95,41.35,22.09,25.63,10.93,1.16
43.76,54.04,32.41,6.65,6.9,0.54
29.83,56.62,15.76,23.01,4.61,1.24
61.57,41.85,21.73,29.93,6.49,0.88
14.81,49.13,28.61,18.02,4.24,0.23
29.92,42.5,25.4,24.24,7.86,4.1
37.27,54.8,21.35,8.11,15.74,0.14
46.15,45.6,20.47,21.05,12.88,3.34
78.73,48.7,23.18,14.11,14.01,0.77
20.77,45.99,27.41,21.01,5.59,4.11
51.91,40.22,19.03,36.48,4.27,4.03
59.65,46.4,30.29,12.18,11.13,2.98
5.6,54.47,16.22,23.05,6.26,3.06
61.15,45.38,31.41,11.72,11.49,0.12
17.88,50.88,22.48,21.29,5.35,4.43
7.44,41.18,35.37,20.19,3.26,3.96
94.94,32.76,19.73,33.08,14.43,4.04
96.6,50.36,25.87,20.26,3.51,3.0
81.03,39.73,24.25,18.39,17.63,1.62
31.16,41.99,33.41,8.96,15.64,4.03
10.67,51.27,30.03,8.16,10.54,1.38
68.74,51.14,21.75,14.28,12.83,2.58
44.58,52.93,28.86,10.35,7.86,0.54
13.08,47.02,20.96,22.32,9.7,4.16
50.02,46.38,21.11,25.72,6.79,0.72
4.4,36.96,29.2,24.34,9.5,1.09
91.02,59.52,20.35,9.19,10.94,2.56
26.62,39.79,27.04,26.78,6.39,3.46
66.59,33.45,32.38,26.63,7.54,2.83
31.86,64.04,20.38,8.22,7.36,1.12
52.49,33.32,28.55,28.12,10.01,0.1
55.12,47.03,26.24,16.57,10.16,3.43
19.3,41.76,43.77,8.93,5.54,4.43
96.99,36.6,28.47,19.91,15.02,3.66
77.74,34.92,35.61,18.88,10.59,2.12
94.01,55.99,24.05,8.78,11.18,4.08
89.59,44.87,19.9,27.6,7.63,1.9
60.19,42.93,25.53,22.56,8.98,2.41
92.27,45.03,27.0,25.7,2.27,2.2
9.76,42.14,26.08,19.03,12.75,2.07
20.4,45.29,31.15,20.57,2.99,3.51
5.48,39.22,28.88,20.54,11.36,2.42
33.21,41.19,28.52,17.85,12.44,1.49
39.48,58.49,27.26,7.71,6.54,1.24
27.86,44.94,26.12,23.48,5.46,0.27
83.05,48.37,20.14,22.34,9.15,2.67
36.32,40.76,31.95,21.29,6.0,1.11
28.81,61.29,19.68,6.3,12.73,0.75
54.73,31.89,34.75,29.87,3.49,2.98
14.95,53.4,29.86,12.59,4.15,3.1
80.42,45.37,24.7,13.89,16.04,3.41
8.38,54.51,20.81,11.85,12.83,2.32
98.7,50.8,20.83,15.15,13.22,4.03
77.45,39.01,31.75,23.88,5.36,4.22
20.67,45.47,22.49,21.02,11.02,3.65
1.55,58.34,19.79,11.68,10.19,2.9
81.73,44.72,21.19,25.94,8.15,1.44
70.98,47.91,17.87,25.42,8.8,4.42
73.17,40.73,16.61,32.7,9.96,1.31
77.36,54.9,23.99,13.01,8.1,0.99
8.33,49.44,26.94,18.15,5.47,2.05
36.49,36.65,23.63,29.49,10.23,0.35
12.47,45.5,22.46,27.26,4.78,4.41
86.45,49.32,30.44,7.0,13.24,2.69
62.71,41.54,44.21,8.27,5.98,2.55
33.76,41.55,26.25,20.97,11.23,2.99
7.29,34.16,21.23,32.73,11.88,2.29
31.79,53.64,20.49,21.05,4.82,0.24
33.19,52.41,25.18,19.67,2.74,2.79
73.23,58.8,30.17,7.59,3.44,3.25
64.12,50.55,17.97,22.49,8.99,1.93
88.83,30.06,29.59,28.03,12.32,3.43
47.75,63.86,16.23,17.2,2.71,1.1
12.84,48.29,19.77,22.68,9.26,1.07
71.61,38.34,27.66,28.58,5.42,0.81
76.32,54.53,24.6,12.0,8.87,1.74
56.57,50.56,22.04,16.31,11.09,3.83
77.33,55.1,22.33,15.42,7.15,3.74
49.89,47.24,24.56,22.04,6.16,1.78
52.75,44.7,22.01,30.33,2.96,2.69
43.33,37.29,35.17,24.43,3.11,3.27
3.52,45.75,19.7,29.15,5.4,1.16
11.68,48.15,33.5,16.1,2.25,0.84
4.11,47.1,18.59,26.1,8.21,4.38
64.0,51.77,25.35,16.83,6.05,2.82
32.12,51.42,26.34,11.48,10.76,4.42
51.35,32.43,36.7,26.5,4.37,1.59
90.85,52.47,16.2,26.04,5.29,3.19
25.68,53.63,20.03,15.2,11.14,1.08
41.63,34.04,24.26,28.3,13.4,1.25
75.8,47.77,17.05,32.5,2.68,2.35
23.65,54.68,19.06,13.0,13.26,1.51
8.62,41.38,26.66,25.06,6.9,0.84
29.69,45.88,36.19,8.91,9.02,1.26
16.96,48.49,28.19,13.18,10.14,0.26
93.04,56.34,31.86,9.25,2.55,3.2
81.0,45.98,23.79,27.49,2.74,2.27
63.71,44.31,21.22,24.65,9.82,0.51
87.27,45.78,35.82,11.0,7.4,0.86
80.56,47.16,25.58,15.45,11.81,0.55
19.47,35.97,35.29,21.93,6.81,2.8
89.36,52.59,30.81,10.96,5.64,0.51
54.39,39.87,25.01,25.85,9.27,3.42
80.94,43.99,17.75,31.89,6.37,0.19
89.71,52.74,17.86,20.44,8.96,1.2
32.48,36.19,16.0,36.07,11.74,4.02
11.9,43.33,31.1,14.35,11.22,3.26
23.57,33.22,27.83,28.72,10.23,0.42
43.28,30.33,33.45,25.31,10.91,3.71
81.98,35.86,27.83,25.03,11.28,2.27
86.21,57.58,20.12,9.17,13.13,3.83
1.69,51.97,15.91,27.09,5.03,2.74
51.56,47.99,27.08,22.4,2.53,3.1
42.32,59.44,24.56,10.25,5.75,4.47
22.99,54.62,34.5,5.73,5.15,1.12
12.87,51.69,22.14,17.6,8.57,2.85
34.42,47.38,18.46,22.9,11.26,2.13
94.35,51.02,14.6,25.18,9.2,0.27
33.0,38.59,20.78,37.98,2.65,0.16
52.36,50.33,28.04,8.47,13.16,0.62
70.6,47.8,27.34,20.21,4.65,2.96
37.0,48.97,29.72,10.64,10.67,2.6
97.21,35.31,29.46,27.09,8.14,2.54
96.28,35.64,26.81,30.82,6.73,0.24
25.93,53.08,22.66,20.62,3.64,2.16
50.23,52.79,17.56,26.41,3.24,4.17
30.79,40.86,33.32,13.68,12.14,1.85
29.2,48.92,25.52,14.79,10.77,2.85
4.65,34.3,21.02,33.04,11.64,3.53
61.35,45.38,29.91,20.97,3.74,3.55
50.77,55.86,23.53,14.12,6.49,2.38
6.1,40.46,28.83,19.45,11.26,3.87
28.59,33.02,31.27,25.39,10.32,1.82
90.92,50.93,29.63,15.74,3.7,4.01
24.72,59.75,27.85,10.37,2.03,1.16
15.34,38.46,18.49,30.17,12.88,1.33
49.46,54.38,14.19,25.7,5.73,0.33
98.58,63.93,21.34,8.86,5.87,3.6
24.96,54.69,23.7,18.35,3.26,1.94
67.54,52.16,30.48,8.79,8.57,1.11
76.4,41.96,30.53,14.9,12.61,1.12
24.53,46.32,19.05,19.45,15.18,4.07
73.09,44.69,26.65,21.38,7.28,3.77
37.41,55.16,16.07,21.25,7.52,2.54
63.6,41.43,26.39,28.44,3.74,2.81
63.72,49.61,22.99,17.27,10.13,2.19
54.04,43.54,21.9,28.11,6.45,1.82
9.94,46.39,22.41,20.57,10.63,4.13
83.69,38.69,23.78,31.14,6.39,0.65
32.76,37.3,28.55,28.15,6.0,1.94
19.47,52.07,36.34,8.47,3.12,1.62
5.04,48.71,17.52,27.21,6.56,2.29
59.5,50.38,24.99,20.18,4.45,2.11
68.08,55.95,15.49,24.45,4.11,2.38
2.64,53.09,26.87,6.48,13.56,0.72
51.7,57.85,19.99,12.6,9.56,2.36
23.42,35.4,29.96,26.84,7.8,1.17
64.87,50.18,25.68,11.33,12.81,0.91
18.26,35.71,24.16,26.82,13.31,0.39
69.4,42.93,31.32,15.01,10.74,3.46
39.29,49.91,17.0,21.81,11.28,1.98
93.74,37.83,23.54,31.1,7.53,2.86
14.61,40.63,27.23,24.85,7.29,3.3
34.77,37.66,35.69,17.64,9.01,3.09
12.23,45.73,25.65,14.72,13.9,2.17
92.54,48.42,26.4,8.95,16.23,1.81
87.86,52.99,30.49,11.54,4.98,1.75
26.54,47.78,18.47,29.3,4.45,2.92
66.34,31.44,29.86,29.58,9.12,2.28
81.9,36.14,31.14,29.27,3.45,3.84
55.96,51.4,17.88,22.92,7.8,3.95
53.44,45.49,17.09,27.03,10.39,0.85
24.94,44.02,18.88,25.67,11.43,0.7
10.22,52.12,26.71,11.02,10.15,2.87
89.82,36.78,24.99,27.03,11.2,1.43
90.14,38.51,30.46,23.19,7.84,0.18
63.68,34.78,34.13,20.36,10.73,4.01
34.56,46.72,33.42,9.0,10.86,1.1
35.57,49.8,22.52,22.32,5.36,4.19
72.87,56.26,21.58,19.71,2.45,3.26
89.81,36.11,30.92,27.84,5.13,3.46
88.82,50.62,19.98,21.58,7.82,0.99
78.21,42.85,22.1,21.76,13.29,1.13
64.56,31.84,27.06,29.77,11.33,2.39
9.33,54.39,29.8,10.22,5.59,0.86
17.0,52.21,30.07,14.7,3.02,1.44
89.96,45.99,31.89,6.66,15.46,1.51
61.04,52.76,16.92,26.95,3.37,0.8
1.91,33.41,31.59,27.94,7.06,1.0
11.05,43.93,26.72,17.09,12.26,3.57
66.69,33.88,24.06,32.51,9.55,0.84
1.5,49.73,29.64,16.82,3.81,0.23
16.92,40.93,18.65,37.26,3.16,2.87
55.32,38.59,28.26,29.54,3.61,4.39
69.5,50.02,15.75,25.74,8.49,1.56
65.54,44.03,34.91,7.98,13.08,0.62
23.2,44.41,20.68,30.39,4.52,2.61
71.51,38.24,28.97,23.69,9.1,4.09
24.49,44.2,30.99,13.09,11.72,3.55
33.21,49.38,18.41,29.69,2.52,2.84
74.9,47.46,27.14,15.58,9.82,1.49
65.31,38.03,22.24,29.4,10.33,2.48
85.07,63.4,21.05,9.54,6.01,0.5
66.1,48.02,26.49,20.73,4.76,3.09
57.26,37.03,31.52,21.39,10.06,3.29
10.27,44.93,26.06,10.62,18.39,4.35
37.4,56.02,21.37,11.18,11.43,1.25
27.26,56.6,23.36,7.2,12.84,0.18
25.15,45.11,26.94,17.44,10.51,2.5
97.33,52.47,21.92,17.3,8.31,3.21
39.92,32.65,35.76,21.78,9.81,3.58
89.31,47.96,31.22,13.18,7.64,0.95
63.48,53.27,26.4,15.41,4.92,1.25
79.69,35.74,27.26,26.29,10.71,2.36
50.76,47.01,36.9,6.61,9.48,1.55
58.11,46.54,22.3,25.8,5.36,3.89
49.76,44.41,16.66,26.79,12.14,2.18
20.33,39.56,28.09,29.66,2.69,3.62
72.52,43.72,30.58,20.27,5.43,2.65
28.8,45.92,25.07,26.71,2.3,3.5
3.41,52.39,27.18,9.58,10.85,1.56
64.9,49.33,33.13,6.99,10.55,3.76
18.53,39.53,39.78,13.63,7.06,1.31
94.11,41.99,27.68,22.08,8.25,2.5
95.44,63.88,20.44,7.18,8.5,1.04
91.57,33.28,29.69,24.26,12.77,2.19
37.65,37.25,26.87,29.25,6.63,1.5
2.53,37.16,28.91,27.36,6.57,1.27
92.9,45.59,24.71,17.62,12.08,4.35
43.39,54.78,27.47,10.08,7.67,0.8
96.7,43.12,28.37,25.48,3.03,3.56
96.4,49.14,25.03,18.22,7.61,4.43
85.45,59.13,17.34,8.62,14.91,0.19
30.15,60.65,25.01,7.61,6.73,3.18
39.12,54.29,16.06,27.28,2.37,1.21
85.26,35.89,26.9,29.63,7.58,0.28
32.38,49.01,14.59,28.28,8.12,1.87
17.78,42.69,23.25,30.12,3.94,4.21
56.12,49.9,22.95,18.39,8.76,0.15
93.68,37.47,28.25,19.82,14.46,2.69
69.91,53.44,25.14,14.88,6.54,2.31
57.44,48.19,32.04,13.58,6.19,3.94
10.62,56.1,19.38,17.52,7.0,0.47
61.89,40.0,21.55,34.21,4.24,3.1
99.02,33.86,32.16,21.44,12.54,3.09
14.87,49.46,16.27,27.8,6.47,3.04
52.31,32.9,40.01,19.57,7.52,4.25
87.86,46.23,27.12,18.31,8.34,3.72
74.34,34.38,29.9,26.99,8.73,0.28
70.0,42.83,30.36,18.38,8.43,2.17
70.55,48.12,19.39,29.34,3.15,1.85
36.59,52.41,22.4,12.36,12.83,1.46
30.07,45.82,25.02,17.17,11.99,2.09
81.13,50.23,27.57,9.72,12.48,1.79
81.2,33.41,35.97,16.36,14.26,2.0
86.84,44.71,22.76,27.06,5.47,4.41
91.41,45.59,24.89,22.13,7.39,0.49
51.62,40.14,23.79,27.89,8.18,4.16
50.65,47.22,25.31,19.41,8.06,2.21
80.03,46.34,20.22,26.45,6.99,2.84
65.35,47.26,24.68,21.31,6.75,3.75
70.49,41.45,32.45,22.66,3.44,1.69
79.78,47.85,30.15,11.03,10.97,1.99
89.11,45.13,36.77,13.65,4.45,1.9
34.46,53.69,23.38,13.27,9.66,1.75
38.18,51.77,27.81,16.39,4.03,4.17
10.3,50.61,38.27,7.76,3.36,3.75
58.25,57.0,22.28,10.37,10.35,0.58
4.56,53.85,25.35,12.01,8.79,0.58
47.09,35.53,27.34,26.7,10.43,1.98
54.72,38.29,31.17,18.67,11.87,0.53
29.37,34.03,38.87,20.32,6.78,2.82
59.49,49.55,26.3,11.27,12.88,0.73
4.02,55.8,15.96,20.36,7.88,2.4
4.7,57.31,25.31,14.18,3.2,0.13
82.44,36.12,41.02,12.46,10.4,1.49
36.66,39.27,23.96,21.97,14.8,3.08
13.58,54.66,33.53,4.95,6.86,2.23
52.7,56.2,33.33,4.94,5.53,4.4
77.23,57.29,25.58,12.84,4.29,3.95
22.37,66.07,21.27,7.67,4.99,1.68
62.67,39.47,40.33,10.49,9.71,0.3
9.45,55.61,20.9,14.3,9.19,3.82
6.12,46.93,26.9,23.69,2.48,4.11
53.6,38.82,25.03,22.02,14.13,3.71
54.52,48.43,23.12,18.01,10.44,0.66
64.11,39.98,35.05,14.71,10.26,4.49
72.88,31.12,23.58,32.65,12.65,1.24
97.61,45.07,30.65,20.58,3.7,3.29
52.11,47.88,31.24,10.05,10.83,4.1
32.97,42.25,23.69,23.76,10.3,1.14
79.72,48.04,29.16,9.06,13.74,4.1
27.81,43.88,30.84,14.1,11.18,1.46
44.46,48.71,24.34,21.1,5.85,4.4
8.77,35.25,24.16,27.88,12.71,1.34
3.51,36.55,35.85,23.34,4.26,4.3
96.3,45.77,18.96,23.31,11.96,0.34
83.76,38.26,18.65,30.34,12.75,3.22
69.9,44.87,40.44,9.92,4.77,2.44
41.49,51.75,27.13,11.36,9.76,2.2
18.16,54.09,27.25,16.23,2.43,1.08
16.49,52.27,26.03,15.37,6.33,3.2
25.77,53.16,17.6,19.46,9.78,0.94
55.37,32.76,27.67,30.53,9.04,2.53
71.74,44.69,21.96,21.71,11.64,1.21
66.36,37.69,27.9,23.53,10.88,4.3
28.71,49.8,25.5,15.65,9.05,0.23
95.53,35.32,18.46,32.51,13.71,0.98
74.05,46.61,15.39,26.64,11.36,1.17
55.88,33.34,35.72,28.72,2.22,1.92
61.56,58.21,23.06,4.77,13.96,1.12
42.54,53.23,22.73,21.28,2.76,2.26
25.53,56.69,19.87,8.01,15.43,3.94
36.24,62.08,17.57,14.1,6.25,3.23
76.03,55.17,33.62,7.24,3.97,2.65
2.42,49.95,23.54,19.87,6.64,0.49
12.49,41.86,24.77,23.75,9.62,3.15
5.55,61.51,22.03,9.02,7.44,0.83
5.03,47.35,32.94,16.93,2.78,3.56
85.69,57.07,17.11,16.94,8.88,1.2
70.66,48.89,20.13,16.71,14.27,1.94
47.94,52.85,29.29,9.87,7.99,1.64
10.69,56.66,21.28,17.32,4.74,3.88
49.67,51.21,18.03,24.0,6.76,0.66
47.87,55.51,33.53,8.01,2.95,2.59
18.15,42.03,34.72,8.58,14.67,0.73
43.95,42.65,31.24,14.39,11.72,3.2
40.45,48.62,18.73,25.31,7.34,4.08
61.97,53.83,15.93,23.94,6.3,2.01
63.87,49.72,18.13,21.59,10.56,2.25
5.49,33.23,40.04,16.91,9.82,4.18
38.09,41.92,25.95,20.62,11.51,2.39
62.96,52.92,31.49,5.33,10.26,2.25
50.81,53.44,13.73,21.79,11.04,2.64
85.79,31.47,26.7,32.13,9.7,3.13
66.21,56.2,14.9,21.96,6.94,0.57
17.13,40.01,22.85,25.38,11.76,3.71
7.99,33.91,33.24,24.55,8.3,2.02
64.6,42.43,38.48,8.9,10.19,0.42
3.62,38.24,26.32,30.77,4.67,3.56
58.99,53.24,27.99,7.66,11.11,1.76
94.08,32.13,37.11,21.23,9.53,0.54
57.97,44.6,38.26,11.62,5.52,2.89
39.43,70.36,19.86,6.44,3.34,3.97
64.69,39.42,29.26,20.1,11.22,4.01
46.37,45.18,24.3,16.4,14.12,4.31
55.02,45.84,25.79,19.57,8.8,3.92
94.21,47.7,25.26,22.13,4.91,0.11
39.22,55.56,27.81,6.18,10.45,1.77
96.16,56.66,28.79,10.78,3.77,3.7
90.63,54.42,17.73,20.54,7.31,1.71
20.38,52.89,27.23,15.66,4.22,2.75
7.87,34.18,34.33,27.06,4.43,2.77
10.98,37.36,31.88,25.88,4.88,1.71
2.8,42.95,21.6,28.79,6.66,4.08
10.35,40.32,33.55,23.68,2.45,2.31
68.62,47.85,30.73,15.29,6.13,2.15
8.05,48.4,19.06,24.22,8.32,4.49
32.58,53.79,19.63,16.36,10.22,2.27
84.64,40.34,35.93,15.91,7.82,0.88
3.3,33.41,29.97,25.25,11.37,2.36
81.63,45.71,33.97,16.77,3.55,3.68
28.9,38.05,30.1,24.57,7.28,3.52
12.7,43.93,26.36,27.14,2.57,3.57
69.98,37.15,28.09,31.74,3.02,3.22
63.27,48.01,14.12,29.33,8.54,1.22
87.87,55.51,19.18,16.63,8.68,3.89
73.77,42.16,27.62,15.73,14.49,4.03
80.54,43.55,27.18,20.73,8.54,0.95
28.92,52.34,22.69,13.16,11.81,0.67
18.57,41.91,32.27,23.17,2.65,4.39
75.31,49.97,21.08,25.73,3.22,3.92
80.88,37.1,31.32,28.7,2.88,4.03
99.06,57.61,19.16,18.27,4.96,4.0
41.85,43.21,31.96,13.05,11.78,2.48
37.83,51.22,25.98,14.43,8.37,2.94
77.86,56.25,31.62,9.48,2.65,2.5
34.74,40.73,26.73,22.43,10.11,0.33
93.14,52.36,20.5,14.73,12.41,3.38
85.98,54.7,28.58,10.4,6.32,2.32
43.47,59.33,29.29,7.48,3.9,2.95
75.34,52.78,22.09,21.43,3.7,2.31
75.7,50.4,27.56,19.14,2.9,2.26
11.21,48.93,31.68,15.68,3.71,0.86
90.35,55.02,31.02,6.28,7.68,1.33
51.02,54.46,21.26,18.67,5.61,0.8
82.82,46.56,33.44,13.66,6.34,0.96
32.68,44.8,15.98,24.71,14.51,4.38
89.66,34.94,33.17,21.69,10.2,0.77
39.53,36.31,27.2,19.21,17.28,1.28
2.07,50.55,29.23,15.16,5.06,2.7
90.63,41.17,23.04,29.8,5.99,2.78
10.04,40.17,34.0,17.28,8.55,0.78
32.61,50.53,17.8,28.36,3.31,3.59
95.06,65.17,23.41,9.34,2.08,3.55
95.11,39.4,32.36,18.25,9.99,1.14
57.77,53.22,28.0,6.77,12.01,1.37
63.55,42.41,23.95,24.66,8.98,4.23
45.4,32.08,25.09,34.36,8.47,3.73
30.03,54.45,22.75,15.75,7.05,3.17
33.54,52.87,38.15,6.53,2.45,0.46
67.58,55.83,32.06,5.84,6.27,1.94
75.49,42.55,32.15,20.1,5.2,2.56
79.37,49.61,37.42,9.72,3.25,0.92
79.17,45.89,30.34,6.73,17.04,2.07
10.03,41.37,17.8,30.16,10.67,2.74
49.95,37.23,25.75,22.97,14.05,1.54
6.7,43.54,31.54,17.23,7.69,3.54
55.4,41.43,18.88,32.47,7.22,3.8
44.71,40.36,43.57,10.05,6.02,1.52
88.88,48.11,24.34,25.12,2.43,3.79
35.74,50.55,26.23,17.86,5.36,0.56
12.59,32.25,26.68,29.53,11.54,3.79
15.16,36.08,30.84,22.53,10.55,0.77
76.39,40.09,29.06,23.63,7.22,0.46
62.2,29.25,32.01,31.32,7.42,2.92
11.01,52.49,23.41,11.9,12.2,2.18
9.33,47.77,24.63,25.39,2.21,4.09
70.4,43.46,31.42,18.77,6.35,1.7
8.2,47.38,28.69,17.15,6.78,1.36
82.36,40.6,23.27,20.07,16.06,2.3
70.92,49.24,16.81,19.95,14.0,2.11
9.05,51.48,31.45,11.14,5.93,1.62
9.4,41.26,22.16,22.6,13.98,3.15
98.68,42.92,17.84,24.49,14.75,3.44
38.05,45.09,26.96,23.75,4.2,3.85
37.69,45.71,16.15,30.77,7.37,4.38
81.47,40.09,31.7,20.12,8.09,1.27
94.78,49.06,24.84,12.76,13.34,3.25
98.61,47.77,35.78,12.27,4.18,1.83
75.58,54.88,23.89,9.91,11.32,3.08
38.25,53.59,25.87,10.57,9.97,2.19
9.27,51.36,24.73,13.64,10.27,4.47
77.94,49.38,31.66,12.08,6.88,3.31
56.28,29.47,32.85,29.44,8.24,4.29
43.0,47.75,21.88,19.1,11.27,3.77
90.73,47.51,23.37,16.11,13.01,4.07
12.01,46.86,26.64,16.65,9.85,3.68
49.77,52.71,29.26,13.84,4.19,2.12
2.12,47.31,26.27,16.51,9.91,1.21
47.4,45.5,25.53,24.96,4.01,1.73
6.57,59.61,14.97,18.47,6.95,0.19
12.76,45.79,25.34,18.8,10.07,2.41
12.64,50.2,16.64,27.45,5.71,2.32
65.27,46.45,23.23,23.71,6.61,2.41
74.86,34.33,32.04,20.62,13.01,4.39
58.75,55.3,20.13,21.0,3.57,4.11
96.26,48.79,25.33,17.77,8.11,0.81
38.11,52.99,22.2,15.06,9.75,1.72
29.29,48.57,29.36,18.07,4.0,1.97
86.99,64.21,22.14,8.24,5.41,1.69
23.14,36.52,33.04,17.45,12.99,3.61
96.36,31.2,33.33,21.75,13.72,2.41
2.2,40.34,32.24,12.66,14.76,2.62
97.02,32.52,27.68,27.66,12.14,3.85
5.27,40.5,26.59,28.72,4.19,3.65
89.22,33.78,34.99,25.02,6.21,0.68
53.24,48.97,25.4,16.98,8.65,3.24
99.3,41.95,27.83,23.86,6.36,2.02
8.31,43.26,35.28,11.7,9.76,1.4
55.83,49.85,16.72,27.14,6.29,0.32
96.96,53.69,27.56,8.88,9.87,2.24
52.79,53.03,14.97,24.08,7.92,1.66
63.31,39.55,37.62,17.44,5.39,1.21
69.88,37.12,25.04,30.04,7.8,3.16
46.0,46.51,21.83,24.81,6.85,3.49
63.13,64.74,15.75,9.78,9.73,1.18
58.85,56.17,19.82,19.2,4.81,0.32
90.21,43.97,20.36,26.65,9.02,3.83
5.5,36.14,40.11,21.22,2.53,0.14
28.82,43.89,21.79,28.27,6.05,4.22
95.09,39.02,25.35,23.2,12.43,2.86
89.14,38.93,33.67,17.41,9.99,1.52
46.11,54.94,27.2,12.78,5.08,1.18
62.39,44.12,27.78,14.09,14.01,0.14
28.46,42.93,22.62,25.77,8.68,1.14
19.62,56.22,17.89,14.84,11.05,0.71
46.91,34.56,35.24,19.26,10.94,2.79
35.98,57.39,16.08,17.66,8.87,0.83
58.78,54.45,19.79,18.75,7.01,2.43
8.7,49.57,15.64,31.05,3.74,2.7
97.47,37.5,20.97,35.9,5.63,1.41
98.63,41.6,33.39,17.46,7.55,0.25
70.12,43.09,18.85,28.65,9.41,0.26
54.07,43.31,17.86,29.63,9.2,0.22
31.64,42.51,27.66,23.7,6.13,3.35
81.57,55.67,13.24,29.28,1.81,1.5
68.79,49.28,23.61,15.34,11.77,3.6
17.1,53.93,32.52,8.02,5.53,2.0
91.18,28.6,31.21,29.18,11.01,2.09
82.43,47.37,33.56,16.92,2.15,2.36
95.03,45.39,25.35,22.24,7.02,3.24
72.85,34.31,26.29,27.21,12.19,1.3
61.73,57.17,25.38,10.77,6.68,0.63
42.41,42.1,26.31,25.11,6.48,2.55
93.34,49.48,31.03,16.62,2.87,1.54
86.74,45.87,28.31,17.23,8.59,2.05
5.48,40.84,26.48,23.6,9.08,2.95
3.61,39.11,20.51,33.03,7.35,2.27
38.27,56.53,30.68,4.97,7.82,2.83
81.24,49.07,24.98,15.2,10.75,2.49
98.74,40.45,33.02,22.53,4.0,3.36
15.89,55.62,17.34,24.9,2.14,3.21
59.82,43.65,19.23,24.55,12.57,2.45
38.71,53.87,23.87,10.85,11.41,3.09
97.02,36.87,34.51,14.52,14.1,3.94
84.37,50.06,21.5,17.56,10.88,2.0
83.99,45.61,15.45,27.23,11.71,1.92
47.4,34.31,42.33,14.9,8.46,3.46
42.07,54.09,18.5,13.45,13.96,2.66
28.07,41.2,24.59,24.24,9.97,0.41
6.58,58.54,25.46,5.73,10.27,4.03
86.61,41.49,27.3,27.75,3.46,0.24
81.48,51.36,23.06,21.02,4.56,3.39
99.97,30.38,35.45,29.62,4.55,3.44
99.67,47.21,34.62,13.2,4.97,4.29
55.99,68.37,18.07,6.45,7.11,0.34
77.13,47.97,16.4,26.6,9.03,2.73
94.53,40.62,20.4,29.5,9.48,1.98
85.12,34.79,30.42,27.24,7.55,1.55
25.49,52.74,30.6,8.02,8.64,0.5
45.6,45.25,24.9,26.87,2.98,2.58
13.79,50.24,23.95,23.21,2.6,2.21
95.45,51.11,19.56,25.05,4.28,0.56
61.01,43.29,27.06,22.6,7.05,2.79
23.64,44.54,28.53,23.27,3.66,3.35
67.5,51.36,20.49,22.65,5.5,3.48
62.19,51.58,30.97,8.99,8.46,4.08
36.46,49.39,17.48,20.21,12.92,1.9
12.24,60.86,29.18,7.68,2.28,4.29
67.49,44.27,27.3,17.7,10.73,3.91
52.51,48.52,20.4,19.17,11.91,1.4
77.46,42.82,32.32,8.96,15.9,0.8
52.5,54.26,19.85,13.53,12.36,2.02
85.37,46.88,38.15,11.77,3.2,1.87
55.64,46.05,24.89,25.56,3.5,2.63
56.53,41.71,14.25,31.36,12.68,2.67
87.79,48.13,35.39,7.81,8.67,3.4
40.94,41.95,24.5,26.26,7.29,2.34
14.27,37.15,26.9,23.75,12.2,0.56
3.85,55.32,17.66,15.23,11.79,3.88
75.76,51.46,29.21,6.59,12.74,1.46
62.41,45.05,28.23,15.29,11.43,4.37
70.7,37.2,21.23,29.82,11.75,0.62
22.08,53.03,19.38,22.64,4.95,4.32
14.5,57.49,20.87,7.06,14.58,0.5
2.44,61.5,28.57,7.26,2.67,1.12
35.71,53.61,21.18,19.5,5.71,0.3
59.4,49.13,23.26,13.9,13.71,3.2
39.83,56.27,28.08,10.83,4.82,3.84
44.31,57.12,25.89,12.47,4.52,2.01
90.51,44.59,23.31,28.4,3.7,4.19
35.48,35.9,22.36,29.8,11.94,2.7
51.88,44.96,28.69,17.62,8.73,2.87
78.58,42.85,14.89,31.66,10.6,3.82
40.26,52.27,21.94,19.12,6.67,1.41
62.59,37.24,33.33,18.23,11.2,1.66
86.37,59.79,16.69,11.71,11.81,4.09
95.0,34.52,33.26,25.77,6.45,4.06
15.56,40.82,27.48,26.12,5.58,4.4
92.73,42.36,24.94,27.15,5.55,4.07
49.72,43.8,24.5,16.39,15.31,0.66
26.57,33.83,29.54,25.7,10.93,3.72
46.45,40.44,36.16,8.9,14.5,1.9
98.02,43.38,27.95,24.14,4.53,4.46
49.77,48.69,25.56,16.04,9.71,2.18
33.55,44.31,19.95,21.7,14.04,2.54
63.71,41.95,27.58,20.49,9.98,2.43
24.77,42.55,22.38,21.74,13.33,1.52
8.51,60.17,25.65,7.11,7.07,0.43
13.76,55.58,15.81,24.98,3.63,4.04
13.68,53.08,21.47,13.57,11.88,3.63
16.04,42.93,26.64,21.21,9.22,0.71
14.74,48.01,20.48,23.88,7.63,3.52
64.45,35.23,25.49,33.83,5.45,2.85
19.01,44.97,24.3,22.0,8.73,1.9
35.22,50.18,28.16,16.74,4.92,1.22
89.78,53.25,30.7,8.85,7.2,3.88
47.92,44.99,19.52,25.95,9.54,3.18
67.09,53.3,19.44,14.43,12.83,2.51
18.06,47.99,23.66,22.64,5.71,2.78
20.04,45.84,34.39,12.86,6.91,0.5
5.05,55.24,29.61,9.41,5.74,2.19
17.72,44.47,27.17,23.8,4.56,0.95
28.58,53.64,28.01,6.47,11.88,1.02
18.52,48.17,18.76,22.0,11.07,3.01
9.78,39.22,37.16,16.08,7.54,4.11
12.94,51.12,30.17,5.58,13.13,1.88
46.62,46.14,18.43,21.19,14.24,1.01
21.43,59.12,19.65,7.01,14.22,2.95
37.06,46.26,32.65,15.86,5.23,3.93
50.84,40.44,28.2,20.22,11.14,3.39
69.35,62.87,22.87,7.12,7.14,3.92
4.89,38.4,30.11,25.97,5.52,2.46
80.14,60.43,31.82,5.0,2.75,3.41
63.16,60.99,19.49,11.68,7.84,0.72
9.09,42.04,19.75,33.95,4.26,1.63
87.48,50.73,23.06,19.26,6.95,1.81
92.17,57.94,29.08,7.38,5.6,2.35
7.05,57.01,17.58,14.18,11.23,4.19
28.41,40.05,28.21,15.71,16.03,3.95
80.81,32.73,28.45,32.46,6.36,0.69
75.08,37.56,33.39,15.18,13.87,0.86
19.27,52.18,14.17,23.07,10.58,1.67
21.73,34.8,23.33,30.43,11.44,1.38
37.68,49.75,27.34,18.83,4.08,2.8
48.97,45.77,21.04,24.77,8.42,4.07
62.21,32.29,35.55,17.15,15.01,4.33
37.52,44.53,16.49,29.52,9.46,2.98
46.79,45.49,38.48,8.8,7.23,3.79
75.0,48.06,24.7,20.45,6.79,2.41
4.63,40.76,28.38,20.24,10.62,1.02
25.99,48.96,28.16,15.06,7.82,2.41
71.62,50.74,23.18,22.71,3.37,2.54
89.63,42.85,20.64,29.64,6.87,3.37
51.66,39.46,38.33,6.49,15.72,1.07
53.68,46.86,28.61,10.58,13.95,1.72
11.61,40.13,29.7,26.39,3.78,1.7
45.29,48.4,18.91,20.75,11.94,4.32
53.73,43.25,26.73,25.34,4.68,2.05
25.0,40.73,25.24,24.64,9.39,3.42
27.66,45.14,14.95,29.54,10.37,3.4
38.35,44.42,22.02,22.65,10.91,1.27
2.99,49.3,27.09,11.66,11.95,2.62
32.89,48.58,36.01,8.84,6.57,4.03
21.93,36.82,24.51,26.44,12.23,2.19
33.42,38.17,34.58,23.64,3.61,4.26
12.86,55.71,24.17,7.36,12.76,1.04
89.16,46.84,25.04,16.19,11.93,0.43
59.77,36.15,28.4,26.84,8.61,4.02
68.23,35.27,37.85,21.27,5.61,3.83
79.13,47.03,26.24,15.34,11.39,4.47
50.35,39.39,36.52,19.68,4.41,3.09
9.61,54.34,25.1,16.59,3.97,4.22
54.17,41.65,32.69,15.05,10.61,3.74
59.1,44.87,26.44,19.02,9.67,3.82
74.8,56.57,21.43,7.37,14.63,2.6
43.73,43.65,20.81,28.45,7.09,1.78
13.63,49.69,26.75,19.01,4.55,4.21
29.09,43.53,18.53,26.46,11.48,2.0
36.95,37.45,22.57,30.77,9.21,2.47
64.95,51.1,26.1,16.37,6.43,2.06
57.51,51.24,18.37,20.82,9.57,2.59
36.25,44.66,27.84,18.95,8.55,2.17
98.67,40.08,22.7,28.33,8.89,0.31
60.97,42.4,31.18,15.57,10.85,3.98
24.49,40.3,27.33,21.52,10.85,2.06
11.08,40.83,29.39,19.21,10.57,2.69
16.13,46.3,30.27,12.95,10.48,0.71
25.35,60.93,25.19,10.13,3.75,0.11
16.91,34.23,30.36,23.21,12.2,1.18
19.47,40.78,19.43,28.53,11.26,3.2
29.22,57.29,17.66,14.2,10.85,0.54
18.16,53.9,19.59,20.78,5.73,4.1
89.78,35.24,34.05,17.09,13.62,1.05
8.94,44.78,19.51,24.92,10.79,1.0
52.93,54.83,24.06,16.05,5.06,0.9
41.63,36.01,20.23,35.57,8.19,0.16
98.26,40.08,33.64,13.19,13.09,3.5
12.09,42.07,35.53,19.26,3.14,3.95
40.39,56.59,21.49,6.96,14.96,2.8
96.98,50.91,29.04,8.73,11.32,0.93
86.69,37.74,29.22,22.05,10.99,1.36
81.89,38.41,38.1,16.5,6.99,2.19
26.53,51.16,17.87,26.38,4.59,4.3
17.92,39.86,38.44,6.0,15.7,1.19
67.2,53.58,23.14,17.13,6.15,3.32
93.01,41.8,30.98,15.13,12.09,2.03
56.12,64.28,19.57,7.1,9.05,1.41
57.59,53.19,30.55,11.32,4.94,2.11
28.72,43.66,30.51,23.0,2.83,0.41
77.18,40.15,29.2,21.01,9.64,3.61
19.52,43.0,19.6,20.14,17.26,1.17
33.04,42.48,31.33,19.77,6.42,3.29
43.12,51.72,19.51,22.29,6.48,0.4
51.25,48.09,37.48,6.49,7.94,4.3
25.0,33.22,36.55,20.66,9.57,0.95
12.37,40.91,23.72,28.8,6.57,3.98
61.45,43.67,27.33,17.54,11.46,3.66
29.57,49.84,23.64,19.81,6.71,4.36
58.54,52.32,23.95,14.84,8.89,2.2
16.28,41.47,29.97,25.17,3.39,3.3
48.63,43.61,18.97,24.55,12.87,1.73
53.73,53.62,24.15,17.72,4.51,0.91
6.13,45.96,25.04,26.7,2.3,2.05
34.32,48.93,28.1,10.39,12.58,0.83
14.31,50.73,29.08,7.29,12.9,4.42
7.27,39.09,25.5,28.03,7.38,0.52
99.01,40.33,28.61,24.72,6.34,2.69
32.91,49.49,32.13,7.6,10.78,2.86
81.18,51.39,29.72,13.99,4.9,2.47
26.21,40.08,37.4,6.84,15.68,3.01
68.47,47.97,31.02,11.96,9.05,0.61
76.26,52.39,15.54,25.37,6.7,2.54
59.97,45.11,22.86,23.09,8.94,1.36
47.69,50.55,29.72,14.66,5.07,4.24
41.77,42.07,31.78,15.12,11.03,3.45
35.54,55.8,31.69,4.6,7.91,4.38
93.02,57.12,23.54,13.42,5.92,0.27
83.23,48.59,17.13,24.49,9.79,1.35
96.54,42.19,19.52,26.65,11.64,0.96
13.31,51.07,17.02,25.49,6.42,0.15
73.36,53.38,24.45,6.43,15.74,1.17
93.9,36.52,29.21,28.49,5.78,3.09
18.94,54.04,16.04,27.32,2.6,1.12
7.58,35.98,32.47,27.11,4.44,2.34
74.37,46.07,26.25,19.81,7.87,4.01
57.87,54.42,25.91,15.29,4.38,3.15
84.34,62.54,19.28,15.92,2.26,1.84
14.84,50.3,25.93,7.94,15.83,1.74
79.73,47.25,21.49,14.92,16.34,2.11
20.96,40.98,35.82,11.96,11.24,0.88
17.2,41.09,34.53,20.08,4.3,2.89
17.26,39.0,27.58,29.58,3.84,1.7
81.64,57.01,20.5,19.56,2.93,3.85
66.85,41.55,39.03,7.21,12.21,3.43
52.78,39.35,19.66,28.92,12.07,2.79
36.52,42.2,18.14,32.29,7.37,1.7
87.84,51.74,22.46,22.95,2.85,1.02
39.85,35.29,29.65,28.06,7.0,3.52
81.84,43.29,19.92,28.16,8.63,2.24
44.47,35.12,21.7,35.9,7.28,1.09
38.32,48.45,34.97,6.95,9.63,0.96
46.81,52.42,19.48,16.43,11.67,0.83
30.84,57.65,22.73,15.18,4.44,3.52
75.01,52.12,32.48,12.56,2.84,1.11
50.77,35.09,38.33,10.15,16.43,2.42
23.99,46.79,25.28,23.04,4.89,2.09
90.06,40.86,32.46,24.37,2.31,2.65
39.01,38.02,33.04,24.12,4.82,3.96
54.81,54.03,26.83,15.11,4.03,3.92
90.74,31.62,34.84,27.01,6.53,2.08
62.8,35.52,25.82,25.5,13.16,0.17
12.57,53.47,22.5,17.33,6.7,1.98
94.04,37.74,28.48,25.82,7.96,2.77
63.14,45.98,26.07,15.17,12.78,2.55
34.16,46.84,22.05,19.93,11.18,2.97
14.79,51.11,12.1,26.17,10.62,0.78
79.61,53.39,22.58,12.22,11.81,2.94
62.39,40.69,36.61,20.42,2.28,0.9
53.81,36.54,24.83,27.95,10.68,3.4
89.5,34.09,34.67,23.95,7.29,1.59
79.07,52.15,23.86,7.58,16.41,3.22
16.02,43.94,30.71,13.49,11.86,0.31
31.86,57.99,20.25,5.68,16.08,1.89
25.6,46.98,18.26,23.27,11.49,3.2
74.65,57.61,20.21,17.28,4.9,1.1
4.32,41.09,38.19,10.38,10.34,3.6
57.42,40.76,25.13,23.66,10.45,2.88
76.48,44.68,28.97,16.17,10.18,2.69
87.8,49.0,28.93,17.43,4.64,1.66
34.87,39.8,31.94,18.13,10.13,2.22
82.3,39.78,24.95,28.09,7.18,2.73
11.95,59.07,26.7,11.06,3.17,2.18
84.8,41.4,36.97,13.98,7.65,3.17
13.62,43.63,26.14,25.77,4.46,2.01
40.33,46.92,19.86,19.86,13.36,0.99
79.93,54.54,21.48,18.47,5.51,1.04
15.84,39.67,24.9,20.73,14.7,0.13
23.7,61.42,30.61,6.05,1.92,1.42
72.5,47.9,32.0,12.55,7.55,3.4
72.28,48.23,31.91,15.52,4.34,3.59
64.47,56.24,21.84,15.15,6.77,0.99
69.7,51.82,34.29,9.62,4.27,4.32
54.73,49.67,21.58,25.08,3.67,2.31
25.93,36.75,23.93,31.01,8.31,4.13
35.22,48.27,20.26,26.2,5.27,3.21
18.98,41.64,26.56,25.59,6.21,3.28
90.94,46.15,34.84,12.16,6.85,0.47
58.76,36.1,27.9,25.79,10.21,1.07
40.68,48.87,29.45,9.58,12.1,0.14
46.74,30.18,31.54,30.61,7.67,3.25
94.78,43.69,22.64,28.52,5.15,1.62
16.18,49.04,27.18,21.07,2.71,3.56
59.04,31.13,21.38,33.49,14.0,1.59
51.08,41.6,28.78,26.31,3.31,3.71
61.53,57.36,23.21,13.32,6.11,0.68
2.79,47.67,27.09,19.06,6.18,0.86
87.34,46.62,22.78,24.09,6.51,1.6
93.28,41.8,44.59,8.64,4.97,1.9
56.95,45.12,20.98,22.38,11.52,1.63
69.97,38.39,19.23,38.38,4.0,3.46
92.33,49.26,28.62,11.3,10.82,0.53
71.02,53.81,15.47,27.3,3.42,1.65
16.1,42.56,19.12,35.14,3.18,3.78
58.05,41.08,17.58,29.22,12.12,0.39
61.06,50.29,19.96,26.27,3.48,4.25
42.99,48.1,22.23,18.38,11.29,4.44
73.91,43.64,24.51,25.19,6.66,0.49
93.5,41.51,29.84,25.84,2.81,1.38
92.63,53.68,23.41,9.3,13.61,1.74
45.63,39.97,28.84,24.56,6.63,3.52
12.21,35.62,23.13,27.57,13.68,2.72
98.5,42.89,37.91,14.35,4.85,2.94
84.05,45.15,16.6,24.82,13.43,3.43
13.34,58.39,14.99,24.49,2.13,0.62
92.16,44.83,35.44,10.52,9.21,3.77
87.12,46.89,23.02,19.45,10.64,3.2
52.36,47.62,15.64,24.45,12.29,2.64
59.54,48.23,19.5,19.07,13.2,4.01
40.5,43.83,37.59,5.53,13.05,3.18
6.42,48.37,33.5,5.08,13.05,0.99
34.18,44.85,33.47,16.78,4.9,1.99
80.48,33.78,26.76,33.62,5.84,2.27
1.46,59.21,24.67,10.85,5.27,0.34
34.02,33.51,36.41,23.37,6.71,4.3
40.42,36.75,42.04,13.17,8.04,0.67
54.2,58.17,19.11,14.03,8.69,3.17
92.07,37.31,30.95,27.99,3.75,2.33
35.29,47.9,17.74,24.39,9.97,0.21
35.35,56.51,27.1,10.7,5.69,4.17
74.01,44.52,31.13,18.2,6.15,3.85
45.77,50.28,31.21,7.54,10.97,2.41
23.24,38.11,33.05,17.63,11.21,1.11
45.79,45.33,17.41,25.4,11.86,0.64
14.94,54.7,26.52,8.48,10.3,1.7
18.46,47.09,35.51,13.44,3.96,1.22
50.34,50.47,28.67,13.56,7.3,2.33
42.47,36.68,21.68,37.98,3.66,4.35
91.57,42.23,20.78,30.86,6.13,2.63
36.88,54.0,31.3,6.8,7.9,4.02
58.48,55.94,16.78,25.02,2.26,2.96
63.59,34.97,41.09,17.81,6.13,2.19
2.3,42.68,30.72,14.3,12.3,3.86
66.69,49.6,15.6,22.88,11.92,2.17
18.63,40.32,18.65,34.13,6.9,3.92
96.15,53.35,14.92,29.48,2.25,1.38
15.72,32.89,38.53,23.94,4.64,0.67
42.05,56.83,19.87,16.05,7.25,3.86
9.45,48.13,18.88,21.99,11.0,2.68
99.69,55.98,26.74,13.23,4.05,4.01
50.72,42.01,26.65,20.3,11.04,4.23
59.94,46.85,24.71,23.38,5.06,0.34
7.64,51.03,16.59,20.27,12.11,2.3
75.25,45.52,35.69,11.97,6.82,1.75
21.78,34.56,40.0,11.98,13.46,2.85
89.91,42.93,26.14,25.81,5.12,3.59
21.31,58.2,19.18,10.0,12.62,1.33
19.88,42.13,27.62,24.74,5.51,2.55
4.62,45.47,35.7,14.1,4.73,3.22
47.73,43.62,28.84,8.34,19.2,0.69
56.92,47.25,33.88,5.73,13.14,3.68
7.51,49.25,28.13,9.75,12.87,2.77
77.78,45.22,15.79,29.39,9.6,4.28
45.88,48.64,29.8,11.18,10.38,1.59
52.91,45.02,27.72,25.09,2.17,0.58
44.64,53.07,17.28,23.11,6.54,2.33
40.68,37.19,33.28,22.11,7.42,0.48
56.4,49.85,20.17,20.56,9.42,4.37
16.37,46.59,25.09,21.4,6.92,0.27
19.01,49.49,19.01,27.59,3.91,3.42
86.32,50.57,27.14,12.93,9.36,2.41
94.67,39.32,34.46,14.51,11.71,1.72
37.96,48.71,20.85,24.97,5.47,0.39
27.8,39.11,19.06,37.64,4.19,2.84
64.76,44.92,24.57,26.68,3.83,2.67
41.46,39.87,30.17,23.24,6.72,1.34
3.51,47.47,26.41,21.63,4.49,4.1
16.46,38.31,28.22,21.78,11.69,1.44
71.88,40.4,23.56,24.15,11.89,2.08
66.23,50.05,23.3,13.38,13.27,2.49
3.68,40.94,31.07,21.61,6.38,0.54
22.98,45.79,25.77,12.92,15.52,4.2
23.88,49.14,31.78,14.55,4.53,1.75
67.52,43.75,18.98,29.48,7.79,0.46
2.95,40.4,29.01,14.52,16.07,1.8
11.31,52.56,32.8,9.1,5.54,2.74
80.19,55.29,34.76,6.7,3.25,2.36
18.68,39.43,26.54,24.2,9.83,3.16
65.62,54.4,19.41,19.85,6.34,0.34
24.58,51.42,21.96,16.33,10.29,1.35
10.84,44.94,20.26,32.24,2.56,3.7
25.07,33.07,26.4,29.7,10.83,0.45
72.5,45.86,29.69,17.36,7.09,3.86
85.71,47.92,28.95,20.92,2.21,0.5
83.19,46.36,26.22,20.27,7.15,3.77
40.32,46.86,23.62,24.43,5.09,1.69
67.14,41.43,35.93,13.04,9.6,2.79
21.29,33.29,33.97,29.83,2.91,0.77
30.02,41.31,33.58,21.19,3.92,0.39
89.74,59.34,17.81,15.91,6.94,1.05
2.29,42.98,29.46,23.39,4.17,0.66
9.47,58.52,22.94,5.69,12.85,1.47
21.58,57.83,27.42,11.94,2.81,2.36
3.63,52.59,16.63,23.74,7.04,2.69
18.96,70.09,19.4,6.11,4.4,3.58
58.72,51.44,27.15,15.94,5.47,2.99
42.72,47.89,19.66,19.33,13.12,2.78
89.37,65.84,20.54,8.42,5.2,1.91
81.93,43.11,16.73,28.17,11.99,2.18
34.84,51.03,32.82,11.56,4.59,1.92
26.68,45.0,31.52,12.87,10.61,3.81
38.59,56.67,22.93,12.4,8.0,1.11
59.44,52.68,23.26,11.28,12.78,0.13
27.54,52.5,34.42,4.63,8.45,2.97
62.79,52.19,16.91,23.18,7.72,0.99
41.53,39.1,20.77,35.4,4.73,4.02
55.65,46.69,30.78,16.63,5.9,3.88
44.18,44.8,18.13,23.78,13.29,0.44
30.15,45.61,22.54,25.9,5.95,0.57
94.9,44.63,27.18,23.02,5.17,2.28
76.6,43.68,27.97,16.96,11.39,2.78
14.87,52.63,25.78,14.84,6.75,1.31
86.98,42.47,31.99,12.94,12.6,3.25
49.26,36.69,18.86,30.88,13.57,2.72
89.56,46.57,17.93,26.67,8.83,1.53
80.19,53.19,25.26,9.42,12.13,0.21
43.1,42.56,34.94,19.33,3.17,3.4
3.22,48.8,15.28,30.79,5.13,1.04
27.6,45.23,21.61,26.0,7.16,3.77
54.62,33.98,28.46,32.85,4.71,1.95
63.71,32.79,29.67,26.39,11.15,2.64
26.53,51.56,23.79,13.47,11.18,3.94
14.8,45.43,23.21,23.57,7.79,3.9
83.66,43.95,19.85,28.74,7.46,1.73
98.46,43.54,30.03,8.89,17.54,1.02
53.04,53.13,17.88,21.24,7.75,3.51
18.0,41.81,29.97,21.41,6.81,2.01
27.96,55.27,27.28,10.54,6.91,0.94
2.82,33.89,22.84,29.11,14.16,4.08
91.52,48.71,25.93,17.89,7.47,0.97
12.66,37.75,22.89,29.05,10.31,0.21
58.08,50.01,27.01,7.66,15.32,0.19
28.13,46.52,33.93,13.06,6.49,2.84
55.86,39.94,31.98,21.09,6.99,3.01
65.49,51.2,25.91,11.81,11.08,1.47
83.14,55.95,14.39,23.65,6.01,1.51
21.44,37.36,25.77,25.54,11.33,1.59
2.09,52.33,28.28,7.02,12.37,3.09
14.55,54.1,17.11,19.26,9.53,0.36
90.1,54.53,17.66,17.66,10.15,4.19
87.52,37.68,34.46,15.69,12.17,1.08
60.14,44.97,13.85,29.55,11.63,4.5
60.45,36.38,29.68,27.39,6.55,0.85
66.84,51.93,22.85,22.87,2.35,3.49
18.36,33.87,28.36,29.66,8.11,1.08
91.53,52.64,16.04,19.94,11.38,0.46
42.46,36.03,29.13,28.08,6.76,3.95
38.93,40.42,22.79,25.3,11.49,3.88
52.37,46.31,24.17,23.67,5.85,1.88
5.65,45.48,23.26,23.46,7.8,3.19
17.46,51.25,31.12,13.21,4.42,2.55
74.07,43.44,26.84,21.2,8.52,3.85
9.2,45.43,31.49,12.56,10.52,1.49
60.71,52.14,26.19,16.63,5.04,2.4
25.29,44.19,35.66,14.55,5.6,2.24
39.54,28.62,28.01,32.33,11.04,1.66
29.58,44.86,19.81,27.83,7.5,4.02
36.21,52.16,17.57,25.55,4.72,0.83
72.19,40.1,27.18,21.2,11.52,0.76
30.42,49.69,20.78,19.47,10.06,2.64
57.07,39.05,23.58,26.09,11.28,2.99
48.13,37.78,30.17,23.23,8.82,0.96
66.7,43.55,25.02,20.98,10.45,1.82
93.75,49.26,27.92,9.58,13.24,4.26
73.52,42.4,17.55,30.6,9.45,1.19
22.28,34.32,25.66,28.3,11.72,3.04
4.09,47.7,29.2,17.51,5.59,3.36
26.96,56.15,28.44,6.54,8.87,2.07
59.91,38.62,29.97,28.06,3.35,4.23
6.09,55.62,34.29,5.38,4.71,3.34
50.14,46.33,28.87,23.03,1.77,2.11
60.09,44.23,16.88,36.22,2.67,2.61
34.09,51.89,17.9,16.68,13.53,3.15
77.32,54.19,28.12,12.39,5.3,2.71
11.55,41.65,29.07,20.82,8.46,3.97
8.44,39.19,27.15,23.42,10.24,1.67
73.09,31.89,36.06,22.44,9.61,1.42
50.05,47.55,19.22,29.74,3.49,1.04
69.15,50.16,28.91,7.61,13.32,0.27
44.05,53.04,21.75,16.96,8.25,0.29
25.39,50.84,16.15,23.03,9.98,3.93
82.09,46.32,14.39,28.29,11.0,3.08
80.14,38.57,36.54,10.31,14.58,3.01
69.77,38.63,21.36,30.17,9.84,2.8
27.94,46.34,22.68,23.86,7.12,3.84
59.43,51.34,18.61,18.58,11.47,2.21
36.74,45.58,41.05,10.11,3.26,3.93
10.07,39.69,23.42,25.59,11.3,1.68
91.81,45.08,38.21,12.24,4.47,4.18
14.55,53.18,29.79,11.84,5.19,3.17
95.07,40.68,27.64,16.5,15.18,1.23
45.15,47.14,22.06,23.45,7.35,2.58
19.33,56.25,14.43,22.86,6.46,2.45
54.65,46.2,18.42,27.59,7.79,0.71
87.42,48.1,29.64,10.87,11.39,2.7
73.49,41.89,30.2,21.97,5.94,1.49
80.85,47.08,20.86,20.03,12.03,0.33
66.22,42.47,23.97,30.37,3.19,4.27
69.54,36.17,24.33,28.71,10.79,2.92
85.07,60.07,17.94,6.42,15.57,3.96
25.72,48.62,21.06,25.85,4.47,3.07
49.45,59.7,23.5,7.78,9.02,1.67
22.9,46.33,24.03,24.84,4.8,2.36
98.78,42.34,33.14,13.47,11.05,3.07
94.46,42.48,27.64,18.32,11.56,4.33
4.9,41.3,25.17,20.22,13.31,1.22
70.85,41.5,28.4,25.24,4.86,3.95
92.6,37.34,40.0,17.21,5.45,4.17
18.88,40.19,24.55,32.23,3.03,3.05
57.23,59.29,17.05,17.38,6.28,4.2
91.63,44.23,32.73,9.95,13.09,1.85
4.36,41.81,25.37,22.46,10.36,4.29
70.04,43.24,30.25,14.84,11.67,3.19
30.44,50.45,28.17,14.99,6.39,0.28
92.52,37.87,29.9,20.62,11.61,4.09
97.13,40.59,33.15,14.94,11.32,2.23
94.48,49.2,29.54,6.85,14.41,2.13
47.95,45.75,27.79,17.11,9.35,2.59
86.34,47.67,15.25,31.94,5.14,0.76
84.61,34.49,38.18,24.6,2.73,2.16
32.59,51.79,19.01,20.07,9.13,3.76
83.06,49.37,20.34,26.36,3.93,0.17
4.66,47.17,33.92,12.27,6.64,1.3
60.03,53.33,20.94,17.06,8.67,0.11
23.77,39.54,26.35,25.47,8.64,1.93
12.94,56.07,27.01,7.62,9.3,3.3
8.62,51.78,28.49,15.04,4.69,3.61
69.93,50.33,31.22,12.12,6.33,4.26
34.65,40.76,25.46,21.68,12.1,2.78
72.75,44.5,18.9,25.69,10.91,1.22
7.47,54.87,26.94,6.91,11.28,4.17
32.21,36.6,29.6,20.11,13.69,3.51
54.41,38.81,36.54,11.48,13.17,2.63
79.28,37.69,22.1,31.31,8.9,3.16
32.56,60.0,27.93,7.86,4.21,4.17
62.96,45.75,21.66,20.07,12.52,3.23
88.71,38.42,30.46,22.68,8.44,1.72
61.97,34.19,26.21,28.78,10.82,3.24
24.06,43.16,31.24,17.38,8.22,0.28
3.42,55.71,17.24,17.16,9.89,1.8
87.14,59.57,18.54,15.92,5.97,1.89
3.11,50.11,27.3,13.47,9.12,0.83
87.6,53.53,32.12,10.18,4.17,0.2
53.36,45.41,25.06,18.01,11.52,0.69
93.97,36.85,42.66,15.31,5.18,2.98
80.08,48.91,31.15,16.24,3.7,3.63
99.8,46.09,24.16,22.7,7.05,4.45
35.72,50.36,14.13,27.11,8.4,1.62
76.95,48.31,26.91,18.59,6.19,2.74
40.79,53.08,28.89,10.21,7.82,4.22
48.51,41.94,39.69,8.08,10.29,0.83
63.12,32.77,31.8,29.67,5.76,3.26
87.49,49.03,28.89,10.96,11.12,3.42
98.42,55.12,24.84,7.15,12.89,0.49
77.06,47.92,25.65,19.27,7.16,3.89
42.36,41.03,30.86,22.24,5.87,3.68
42.71,46.85,17.71,24.05,11.39,0.25
74.02,51.06,31.82,14.38,2.74,0.5
24.64,56.92,23.12,7.99,11.97,0.32
11.94,41.65,23.11,29.67,5.57,1.57
36.11,40.81,24.38,16.46,18.35,2.34
29.44,42.6,23.64,31.11,2.65,2.44
30.33,50.93,19.53,21.87,7.67,1.28
24.13,48.47,21.47,20.05,10.01,4.11
5.17,46.27,30.29,14.86,8.58,1.72
2.77,59.34,20.62,16.2,3.84,0.3
98.78,40.1,24.82,21.41,13.67,1.42
43.35,48.69,16.72,26.98,7.61,2.44
39.05,44.51,21.86,25.89,7.74,1.9
68.29,56.93,29.77,8.21,5.09,1.3
22.61,54.73,27.52,9.55,8.2,0.68
95.05,33.76,29.06,30.29,6.89,3.7
78.85,44.21,24.01,28.64,3.14,4.48
9.85,40.77,28.62,27.64,2.97,1.55
42.34,45.95,27.57,12.24,14.24,1.78
88.03,51.16,23.69,20.51,4.64,2.82
94.53,40.71,29.32,25.52,4.45,3.26
47.27,41.36,18.31,30.16,10.17,1.82
61.73,42.58,29.1,16.7,11.62,4.08
17.54,63.16,28.71,5.37,2.76,2.56
99.13,41.19,24.05,24.44,10.32,2.08
23.94,60.82,20.08,14.9,4.2,2.95
94.33,54.25,20.54,22.24,2.97,4.29
65.32,30.9,34.47,32.08,2.55,3.6
61.17,43.69,28.64,15.75,11.92,0.28
51.76,51.38,16.87,28.42,3.33,1.56
23.84,56.83,27.49,12.62,3.06,2.17
18.48,49.61,23.46,20.63,6.3,1.48
22.83,32.98,28.14,28.21,10.67,3.18
19.46,52.84,25.61,12.89,8.66,3.74
78.18,65.43,21.3,5.47,7.8,3.32
35.66,43.57,35.74,18.15,2.54,4.45
6.73,61.94,18.78,9.6,9.68,1.3
96.94,50.5,17.17,24.01,8.32,3.95
88.49,34.39,30.81,26.97,7.83,3.47
92.85,50.74,26.82,16.61,5.83,1.69
99.5,46.55,28.17,17.1,8.18,3.33
18.22,51.44,21.16,23.07,4.33,0.56
40.23,41.65,18.59,31.72,8.04,3.57
76.07,66.67,23.55,6.02,3.76,2.44
69.91,35.08,32.75,21.06,11.11,1.39
16.24,46.85,20.88,19.89,12.38,2.99
81.77,47.26,23.68,18.1,10.96,2.92
23.22,44.02,32.81,11.14,12.03,1.02
23.16,44.64,22.27,24.13,8.96,0.23
54.16,54.67,22.99,9.17,13.17,2.01
59.7,48.71,31.65,12.92,6.72,2.61
58.43,37.6,28.93,25.25,8.22,3.96
10.06,42.7,27.99,22.69,6.62,4.18
87.87,68.11,17.44,5.72,8.73,2.43
27.29,53.21,26.2,10.55,10.04,3.42
13.82,57.09,26.7,10.84,5.37,2.03
88.99,52.57,30.86,11.29,5.28,3.38
95.61,51.16,19.66,13.71,15.47,1.0
86.35,58.96,30.35,7.65,3.04,1.73
81.14,49.61,28.49,15.18,6.72,2.89
65.87,40.12,22.41,24.75,12.72,0.18
55.53,51.81,21.23,18.88,8.08,3.28
9.61,46.67,17.41,26.38,9.54,3.78
41.44,59.97,25.14,8.73,6.16,1.86
37.9,46.75,19.15,28.59,5.51,2.07
26.72,44.17,25.65,21.05,9.13,3.85
72.62,39.16,21.83,29.6,9.41,3.51
50.09,46.72,21.32,24.72,7.24,1.37
9.02,41.96,26.48,28.69,2.87,1.53
22.8,48.24,22.94,26.12,2.7,3.09
68.64,52.5,24.05,10.11,13.34,2.58
8.54,44.15,28.63,21.04,6.18,0.81
85.27,42.44,27.91,21.79,7.86,1.46
50.02,40.94,29.15,26.9,3.01,4.06
48.58,43.08,27.94,18.98,10.0,3.13
59.65,56.91,19.74,7.78,15.57,4.44
82.64,41.46,34.5,15.14,8.9,3.47
35.43,40.48,19.78,35.75,3.99,4.24
68.12,49.51,25.52,17.53,7.44,1.05
57.01,46.91,20.66,20.71,11.72,3.49
27.44,49.5,32.42,11.61,6.47,0.19
87.98,42.1,29.93,15.23,12.74,3.05
79.95,36.25,27.62,27.22,8.91,2.16
66.19,42.98,19.46,24.27,13.29,1.63
85.21,40.95,23.27,26.44,9.34,3.89
86.86,48.76,29.04,18.52,3.68,3.86
71.13,43.9,29.29,21.41,5.4,0.2
83.86,57.9,21.24,15.21,5.65,2.78
70.05,31.04,33.21,23.4,12.35,1.72
68.33,42.08,31.52,15.84,10.56,1.93
62.24,41.67,24.61,21.2,12.52,3.76
75.52,34.86,34.36,24.79,5.99,1.46
16.7,49.31,21.19,26.04,3.46,4.25
88.21,53.55,26.82,7.24,12.39,0.89
87.31,46.88,19.64,26.27,7.21,3.02
3.9,48.35,31.12,15.11,5.42,3.06
82.76,50.7,26.07,15.02,8.21,1.21
13.76,61.59,28.78,6.66,2.97,1.53
34.18,53.37,27.63,13.15,5.85,3.77
74.61,41.99,30.43,19.66,7.92,3.45
16.92,60.25,29.7,6.33,3.72,1.55
81.98,53.65,14.8,18.03,13.52,2.45
83.38,45.3,26.31,24.82,3.57,0.37
51.24,49.07,34.78,11.12,5.03,1.02
1.63,42.42,22.59,30.0,4.99,2.24
29.42,44.53,22.88,19.24,13.35,0.48
62.08,40.38,26.7,25.22,7.7,3.81
98.14,51.01,30.13,10.9,7.96,3.26
63.55,46.53,35.44,14.63,3.4,4.25
26.72,42.33,41.78,12.72,3.17,3.15
63.77,55.19,24.02,9.92,10.87,4.24
54.46,42.95,30.13,12.27,14.65,2.54
78.2,33.33,33.06,21.8,11.81,2.74
11.59,46.25,26.13,25.12,2.5,4.4
76.34,46.04,18.38,27.25,8.33,2.93
54.59,31.41,27.59,26.57,14.43,0.24
96.34,55.76,25.23,10.29,8.72,3.28
34.85,46.53,25.66,14.37,13.44,4.08
63.63,40.01,38.77,16.82,4.4,3.6
93.27,47.47,28.96,11.05,12.52,2.67
11.15,50.99,18.91,19.11,10.99,3.05
93.79,43.58,28.57,16.62,11.23,4.46
69.1,50.16,25.88,14.2,9.76,0.5
7.72,39.44,31.2,20.52,8.84,3.04
30.8,47.31,19.81,22.28,10.6,1.35
71.11,48.07,23.77,23.57,4.59,2.92
